71 2421 8
67 2424 9
59 2435 6
69 2429 2
74 2423 3
79 2418 3
83 2414 3
81 2417 2
83 2415 2
89 2409 2
93 2405 2
82 2416 2
68 2429 3
80 2415 5
65 2430 5
55 2442 3
61 2437 2
60 2440 0
64 2436 0
57 2443 0
61 2439 0
67 2433 0
77 2423 0
65 2435 0
61 2439 0
68 2432 0
82 2418 0
76 2424 0
78 2422 0
68 2432 0
75 2425 0
80 2420 0
85 2415 0
88 2412 0
92 2408 0
90 2410 0
100 2400 0
105 2395 0
101 2399 0
101 2399 0
99 2401 0
92 2408 0
92 2408 0
107 2393 0
103 2397 0
97 2403 0
89 2411 0
87 2413 0
92 2408 0
94 2406 0
98 2402 0
99 2401 0
99 2401 0
95 2405 0
98 2402 0
104 2396 0
109 2391 0
115 2385 0
117 2383 0
125 2375 0
122 2378 0
121 2379 0
117 2383 0
121 2379 0
126 2374 0
124 2376 0
128 2372 0
141 2359 0
154 2346 0
165 2335 0
164 2336 0
164 2336 0
167 2333 0
178 2322 0
168 2332 0
167 2333 0
172 2328 0
181 2319 0
179 2321 0
175 2325 0
177 2323 0
167 2333 0
163 2337 0
169 2331 0
176 2324 0
176 2324 0
173 2327 0
188 2312 0
193 2307 0
185 2315 0
191 2309 0
187 2313 0
189 2311 0
175 2325 0
181 2319 0
172 2328 0
180 2320 0
173 2327 0
173 2327 0
175 2325 0
174 2326 0
174 2326 0
168 2332 0
175 2325 0
186 2314 0
176 2324 0
176 2324 0
158 2342 0
157 2343 0
165 2335 0
158 2342 0
158 2342 0
156 2344 0
143 2357 0
143 2357 0
148 2352 0
156 2344 0
169 2331 0
161 2339 0
157 2343 0
149 2351 0
137 2363 0
140 2360 0
157 2343 0
161 2339 0
163 2337 0
169 2331 0
174 2326 0
187 2313 0
181 2319 0
174 2326 0
180 2320 0
183 2317 0
174 2326 0
158 2342 0
154 2346 0
158 2342 0
155 2345 0
149 2351 0
143 2357 0
137 2363 0
138 2362 0
129 2371 0
125 2375 0
131 2369 0
118 2382 0
113 2387 0
114 2386 0
96 2404 0
103 2397 0
95 2405 0
78 2422 0
80 2420 0
78 2422 0
80 2420 0
84 2416 0
85 2415 0
93 2407 0
91 2409 0
94 2406 0
106 2394 0
100 2400 0
94 2406 0
90 2410 0
100 2400 0
104 2396 0
109 2391 0
108 2392 0
100 2400 0
93 2407 0
84 2416 0
78 2422 0
75 2425 0
72 2428 0
67 2433 0
63 2437 0
66 2434 0
73 2427 0
68 2432 0
74 2426 0
74 2426 0
76 2424 0
74 2426 0
71 2429 0
75 2425 0
79 2421 0
67 2433 0
66 2434 0
70 2430 0
67 2433 0
69 2431 0
67 2433 0
61 2439 0
57 2443 0
57 2443 0
54 2446 0
56 2444 0
52 2448 0
49 2451 0
51 2449 0
52 2448 0
54 2446 0
52 2448 0
52 2448 0
50 2450 0
55 2445 0
50 2450 0
48 2452 0
53 2447 0
56 2444 0
49 2451 0
48 2452 0
46 2454 0
50 2450 0
43 2457 0
37 2463 0
38 2462 0
40 2460 0
40 2460 0
39 2461 0
39 2461 0
37 2463 0
40 2460 0
44 2456 0
42 2458 0
34 2466 0
33 2467 0
33 2467 0
22 2478 0
30 2470 0
31 2469 0
34 2466 0
34 2466 0
35 2465 0
40 2460 0
34 2466 0
33 2467 0
29 2471 0
30 2470 0
22 2478 0
16 2484 0
14 2486 0
12 2488 0
14 2486 0
14 2486 0
16 2484 0
19 2481 0
16 2484 0
16 2484 0
13 2487 0
14 2486 0
10 2490 0
12 2488 0
9 2491 0
7 2493 0
11 2489 0
15 2485 0
15 2485 0
16 2484 0
15 2485 0
14 2486 0
10 2490 0
7 2493 0
6 2494 0
6 2494 0
7 2493 0
5 2495 0
3 2497 0
6 2494 0
7 2493 0
7 2493 0
6 2494 0
5 2495 0
4 2496 0
3 2497 0
2 2498 0
3 2497 0
1 2499 0
0 2500 0
0 2500 0
0 2500 0
0 2500 0
0 2500 0
0 2500 0
0 2500 0
0 2500 0
0 2500 0
0 2500 0
0 2500 0
0 2500 0
0 2500 0
0 2500 0
0 2500 0
0 2500 0
0 2500 0
0 2500 0
0 2500 0
0 2500 0
0 2500 0
0 2500 0
0 2500 0
0 2500 0
0 2500 0
0 2500 0
0 2500 0
0 2500 0
0 2500 0
0 2500 0
0 2500 0
0 2500 0
0 2500 0
0 2500 0
0 2500 0
0 2500 0
0 2500 0
0 2500 0
0 2500 0
