1268 265 967
1263 280 957
1241 298 961
1227 318 955
1228 317 955
1201 324 975
1214 329 957
1208 338 954
1187 365 948
1177 380 943
1176 388 936
1177 409 914
1172 416 912
1139 432 929
1137 427 936
1113 457 930
1133 454 913
1158 427 915
1162 422 916
1169 420 911
1163 421 916
1156 416 928
1157 413 930
1150 415 935
1153 405 942
1144 399 957
1140 415 945
1136 416 948
1129 434 937
1112 445 943
1098 433 969
1089 441 970
1080 421 999
1085 434 981
1066 431 1003
1072 420 1008
1058 433 1009
1044 440 1016
1025 451 1024
1012 455 1033
1029 436 1035
1033 441 1026
1051 430 1019
1056 437 1007
1059 447 994
1034 463 1003
1036 464 1000
1031 449 1020
1031 464 1005
1040 452 1008
1026 468 1006
1031 476 993
1041 474 985
1048 474 978
1056 479 965
1077 469 954
1080 472 948
1088 452 960
1068 463 969
1089 456 955
1079 478 943
1083 480 937
1073 483 944
1084 469 947
1065 469 966
1067 453 980
1064 444 992
1024 477 999
1034 474 992
1044 473 983
1041 470 989
1046 477 977
1048 469 983
1098 454 948
1099 455 946
1128 448 924
1104 458 938
1093 461 946
1102 476 922
1074 479 947
1095 476 929
1083 490 927
1074 487 939
1071 507 922
1089 531 880
1073 538 889
1093 526 881
1109 517 874
1102 513 885
1074 500 926
1070 510 920
1063 527 910
1078 514 908
1053 508 939
1061 500 939
1068 492 940
1069 490 941
1087 483 930
1098 490 912
1093 493 914
1087 510 903
1102 505 893
1106 500 894
1077 519 904
1096 513 891
1092 506 902
1116 492 892
1134 501 865
1127 501 872
1107 500 893
1103 507 890
1117 487 896
1112 494 894
1098 503 899
1101 519 880
1124 503 873
1110 534 856
1106 529 865
1078 541 881
1098 528 874
1098 528 874
1084 522 894
1099 517 884
1076 535 889
1094 531 875
1079 541 880
1062 547 891
1045 536 919
1056 523 921
1056 525 919
1065 541 894
1064 546 890
1050 544 906
1043 544 913
1061 527 912
1030 545 925
1021 540 939
1008 548 944
1021 534 945
1037 534 929
1054 540 906
1061 544 895
1070 529 901
1056 521 923
1049 522 929
1038 536 926
1064 537 899
1048 569 883
1040 562 898
1045 552 903
1026 544 930
1040 547 913
1059 553 888
1087 551 862
1074 561 865
1081 575 844
1070 576 854
1067 585 848
1071 609 820
1061 610 829
1066 609 825
1075 624 801
1059 624 817
1074 640 786
1077 635 788
1073 632 795
1061 635 804
1050 639 811
1047 640 813
1065 611 824
1090 595 815
1074 606 820
1063 605 832
1058 607 835
1057 614 829
1080 610 810
1095 638 767
1100 631 769
1113 620 767
1117 617 766
1132 618 750
1109 625 766
1104 616 780
1100 614 786
1110 619 771
1096 635 769
1117 617 766
1095 637 768
1099 628 773
1072 653 775
1082 663 755
1078 655 767
1069 655 776
1091 651 758
1076 649 775
1087 635 778
1089 626 785
1115 617 768
1133 622 745
1164 625 711
1161 643 696
1170 642 688
1175 645 680
1138 691 671
1151 686 663
1146 699 655
1125 712 663
1113 717 670
1096 734 670
1106 722 672
1110 727 663
1109 717 674
1110 716 674
1115 713 672
1108 729 663
1110 737 653
1104 745 651
1087 743 670
1084 741 675
1088 741 671
1071 746 683
1058 736 706
1060 744 696
1050 747 703
1080 739 681
1083 742 675
1092 728 680
1100 723 677
1096 730 674
1083 745 672
1062 753 685
1069 753 678
1091 753 656
1092 751 657
1093 755 652
1073 754 673
1092 735 673
1103 747 650
1095 735 670
1086 743 671
1094 758 648
1095 757 648
1105 757 638
1111 746 643
1100 766 634
1112 768 620
1134 767 599
1124 782 594
1117 784 599
1093 790 617
1070 802 628
1109 775 616
1128 755 617
1133 751 616
1134 736 630
1151 741 608
1149 756 595
1147 765 588
1136 763 601
1142 755 603
1148 754 598
1142 755 603
1158 733 609
1146 732 622
1133 735 632
1126 742 632
1121 750 629
1115 753 632
1132 746 622
1143 738 619
1144 737 619
1166 725 609
1182 730 588
1187 700 613
1181 684 635
1160 697 643
1182 682 636
1198 684 618
1186 697 617
1188 690 622
1211 685 604
1205 691 604
1199 700 601
1208 699 593
1217 687 596
1236 678 586
1224 680 596
1178 714 608
1185 712 603
1188 710 602
1189 715 596
1188 712 600
1208 696 596
1210 677 613
1220 669 611
1228 663 609
1239 650 611
1232 646 622
1208 685 607
1191 688 621
1196 693 611
1206 664 630
1227 664 609
1227 666 607
1231 678 591
1214 674 612
1218 678 604
1197 703 600
1213 688 599
1215 695 590
1207 694 599
1191 708 601
1181 710 609
1184 721 595
1229 694 577
1220 702 578
1209 717 574
1199 725 576
1211 709 580
1233 696 571
1228 706 566
1231 719 550
1240 703 557
1242 685 573
1232 692 576
1248 687 565
1261 688 551
1243 711 546
1238 699 563
1223 689 588
1245 700 555
1252 707 541
1263 710 527
1239 722 539
1230 734 536
1201 762 537
1200 767 533
1208 751 541
1211 760 529
1210 765 525
1201 782 517
1213 775 512
1208 799 493
1210 789 501
1221 761 518
1252 749 499
1245 756 499
1258 760 482
1251 760 489
1241 763 496
1241 771 488
1219 797 484
1202 798 500
1216 797 487
1203 800 497
1181 805 514
1181 815 504
1177 818 505
1176 831 493
1174 828 498
1180 822 498
1189 804 507
1182 804 514
1175 819 506
1187 822 491
1194 816 490
1189 822 489
1193 820 487
1212 819 469
1207 811 482
1197 817 486
1180 828 492
1182 807 511
1189 802 509
1185 788 527
1199 781 520
1193 798 509
1199 792 509
1217 775 508
1213 772 515
1212 772 516
1209 787 504
1204 791 505
1230 764 506
1217 770 513
1212 778 510
1232 777 491
1245 786 469
1243 782 475
1231 789 480
1222 784 494
1226 785 489
1220 802 478
1234 792 474
1215 803 482
1214 808 478
1211 814 475
1256 773 471
1277 743 480
1281 726 493
1298 720 482
1298 714 488
1304 709 487
1309 713 478
1315 723 462
1324 700 476
1330 690 480
1325 687 488
1323 678 499
1316 704 480
1316 703 481
1303 714 483
1297 723 480
1306 725 469
1310 718 472
1304 712 484
1317 704 479
1317 697 486
1317 693 490
1342 670 488
1378 653 469
1366 659 475
1380 651 469
1356 669 475
1354 677 469
1352 676 472
1344 680 476
1355 678 467
1327 713 460
1340 714 446
1331 720 449
1336 720 444
1348 709 443
1344 714 442
1350 723 427
1342 719 439
1354 716 430
1312 751 437
1308 761 431
1328 749 423
1307 758 435
1308 753 439
1306 757 437
1309 767 424
1323 754 423
1348 734 418
1327 746 427
1314 764 422
1294 784 422
1308 772 420
1316 774 410
1323 776 401
1318 764 418
1316 763 421
1311 760 429
1323 762 415
1320 765 415
1335 768 397
1317 776 407
1293 781 426
1295 771 434
1279 779 442
1274 786 440
1269 794 437
1262 808 430
1287 779 434
1289 787 424
1287 785 428
1286 782 432
1294 768 438
1303 768 429
1306 768 426
1291 770 439
1280 794 426
1285 785 430
1272 792 436
1273 781 446
1283 771 446
1266 798 436
1276 801 423
1248 834 418
1244 827 429
1241 836 423
1230 864 406
1238 856 406
1239 852 409
1245 843 412
1237 851 412
1255 849 396
1254 863 383
1240 866 394
1227 875 398
1220 887 393
1233 887 380
1246 867 387
1248 857 395
1246 863 391
1247 867 386
1257 858 385
1242 863 395
1246 859 395
1248 862 390
1265 858 377
1270 853 377
1279 829 392
1289 817 394
1277 834 389
1287 840 373
1288 844 368
1280 853 367
1269 869 362
1279 859 362
1284 840 376
1284 829 387
1277 830 393
1273 836 391
1269 830 401
1287 814 399
1282 823 395
1303 806 391
1311 790 399
1315 792 393
1296 805 399
1321 782 397
1306 787 407
1301 790 409
1321 789 390
1303 792 405
1321 775 404
1344 768 388
1323 778 399
1333 782 385
1339 784 377
1345 780 375
1345 787 368
1355 781 364
1345 766 389
1324 783 393
1307 788 405
1302 792 406
1300 802 398
1310 779 411
1315 778 407
1337 747 416
1343 751 406
1334 758 408
1361 742 397
1372 733 395
1376 724 400
1370 727 403
1378 724 398
1386 719 395
1383 733 384
1376 745 379
1360 761 379
1359 751 390
1362 760 378
1389 744 367
1374 750 376
1371 740 389
1367 731 402
1387 715 398
1395 694 411
1397 695 408
1396 679 425
1393 670 437
1387 658 455
1408 654 438
1437 636 427
1421 642 437
1417 653 430
1430 634 436
1421 642 437
1420 648 432
1423 651 426
1436 636 428
1440 634 426
1441 625 434
1441 620 439
1443 616 441
1435 615 450
1421 617 462
1421 615 464
1436 607 457
1424 605 471
1423 617 460
1430 621 449
1420 638 442
1415 637 448
1423 647 430
1414 645 441
1405 649 446
1402 648 450
1394 651 455
1374 658 468
1375 654 471
1381 653 466
1390 651 459
1379 657 464
1365 658 477
1383 636 481
1367 649 484
1381 643 476
1379 650 471
1374 655 471
1401 648 451
1417 633 450
1409 652 439
1425 649 426
1427 636 437
1460 626 414
1456 636 408
1472 626 402
1453 647 400
1447 639 414
1452 632 416
1464 625 411
1470 618 412
1470 603 427
1472 601 427
1480 601 419
1461 627 412
1459 639 402
1461 640 399
1461 647 392
1463 650 387
1450 652 398
1430 676 394
1432 666 402
1424 665 411
1445 638 417
1448 629 423
1455 637 408
1457 638 405
1462 644 394
1458 636 406
1472 626 402
1483 626 391
1487 617 396
1490 617 393
1482 603 415
1493 601 406
1496 600 404
1513 589 398
1498 582 420
1499 587 414
1519 568 413
1532 578 390
1532 570 398
1517 590 393
1515 600 385
1513 587 400
1507 591 402
1504 584 412
1503 585 412
1513 579 408
1495 591 414
1507 581 412
1520 579 401
1535 571 394
1520 573 407
1526 574 400
1542 560 398
1545 545 410
1545 542 413
1549 538 413
1540 545 415
1526 555 419
1544 538 418
1552 537 411
1572 523 405
1578 512 410
1569 522 409
1591 506 403
1617 483 400
1626 481 393
1605 490 405
1590 505 405
1596 496 408
1598 493 409
1617 480 403
1607 492 401
1599 480 421
1600 483 417
1611 463 426
1599 474 427
1594 481 425
1592 484 424
1601 472 427
1592 483 425
1582 491 427
1584 490 426
1574 509 417
1579 517 404
1570 510 420
1581 508 411
1603 493 404
1602 480 418
1595 482 423
1614 469 417
1611 480 409
1610 497 393
1605 504 391
1599 504 397
1602 503 395
1602 495 403
1604 475 421
1611 471 418
1617 477 406
1617 474 409
1615 482 403
1619 480 401
1609 495 396
1607 487 406
1609 485 406
1597 490 413
1596 488 416
1600 498 402
1605 493 402
1584 510 406
1584 498 418
1572 512 416
1574 503 423
1562 508 430
1562 515 423
1573 504 423
1595 485 420
1589 491 420
1593 487 420
1601 477 422
1597 486 417
1603 483 414
1591 497 412
1569 524 407
1572 514 414
1556 526 418
1560 529 411
1544 532 424
1537 530 433
1545 517 438
1549 510 441
1543 509 448
1531 518 451
1563 498 439
1576 491 433
1580 492 428
1567 493 440
1567 485 448
1563 485 452
1549 494 457
1564 480 456
1565 465 470
1581 447 472
1587 451 462
1595 450 455
1606 448 446
1603 451 446
1611 441 448
1629 406 465
1631 394 475
1635 390 475
1639 383 478
1631 400 469
1642 401 457
1649 408 443
1642 410 448
1656 399 445
1647 402 451
1643 404 453
1669 377 454
1689 370 441
1694 372 434
1699 362 439
1685 364 451
1686 358 456
1685 357 458
1682 347 471
1686 342 472
1678 345 477
1675 346 479
1681 344 475
1672 354 474
1680 336 484
1661 338 501
1653 338 509
1641 347 512
1635 365 500
1632 371 497
1634 367 499
1634 380 486
1627 382 491
1636 374 490
1632 369 499
1621 384 495
1612 392 496
1617 385 498
1630 383 487
1639 382 479
1630 387 483
1635 384 481
1647 379 474
1647 393 460
1653 397 450
1638 403 459
1645 392 463
1651 391 458
1655 388 457
1649 394 457
1653 385 462
1647 391 462
1641 383 476
1628 389 483
1612 405 483
1615 408 477
1615 413 472
1611 409 480
1609 408 483
1601 414 485
1609 414 477
1590 426 484
1584 420 496
1578 429 493
1576 424 500
1575 423 502
1575 428 497
1586 422 492
1603 409 488
1608 408 484
1612 406 482
1623 402 475
1613 399 488
1599 397 504
1621 378 501
1620 367 513
1625 351 524
1620 358 522
1630 355 515
1627 363 510
1639 366 495
1628 363 509
1626 357 517
1624 359 517
1619 366 515
1615 380 505
1622 371 507
1607 379 514
1583 385 532
1568 388 544
1578 384 538
1600 372 528
1604 361 535
1586 378 536
1594 371 535
1587 370 543
1571 366 563
1575 362 563
1583 351 566
1588 343 569
1572 360 568
1584 360 556
1605 347 548
1614 328 558
1618 327 555
1608 332 560
1613 328 559
1612 320 568
1605 315 580
1604 311 585
1617 304 579
1617 298 585
1617 290 593
1617 291 592
1630 273 597
1634 263 603
1631 265 604
1631 264 605
1636 264 600
1618 273 609
1629 272 599
1622 268 610
1614 283 603
1623 274 603
1633 270 597
1632 276 592
1644 273 583
1649 272 579
1661 261 578
1663 258 579
1659 258 583
1666 249 585
1663 255 582
1660 258 582
1673 247 580
1685 246 569
1674 244 582
1675 239 586
1681 242 577
1682 248 570
1690 241 569
1683 244 573
1681 245 574
1689 242 569
1664 256 580
1662 262 576
1672 247 581
1682 235 583
1698 233 569
1713 233 554
1733 224 543
1737 225 538
1738 221 541
1726 223 551
1731 220 549
1717 227 556
1722 215 563
1738 206 556
1731 201 568
1731 200 569
1740 198 562
1730 198 572
1731 197 572
1731 203 566
1733 207 560
1725 213 562
1730 207 563
1725 205 570
1717 209 574
1715 209 576
1708 222 570
1721 217 562
1730 211 559
1738 209 553
1748 200 552
1729 206 565
1738 204 558
1733 204 563
1723 211 566
1714 209 577
1716 201 583
1718 195 587
1722 186 592
1733 171 596
1727 179 594
1724 184 592
1721 195 584
1710 200 590
1715 203 582
1726 198 576
1720 204 576
1724 196 580
1734 186 580
1731 185 584
1742 187 571
1756 184 560
1759 190 551
1773 182 545
1767 184 549
1768 183 549
1774 184 542
1777 182 541
1771 180 549
1761 187 552
1748 192 560
1744 192 564
1741 186 573
1743 186 571
1738 204 558
1748 209 543
1760 203 537
1759 210 531
1762 213 525
1765 216 519
1773 213 514
1770 215 515
1781 210 509
1761 218 521
1772 206 522
1771 210 519
1770 213 517
1778 202 520
1793 191 516
1790 189 521
1802 178 520
1800 181 519
1806 171 523
1810 171 519
1813 165 522
1807 167 526
1811 165 524
1816 154 530
1821 156 523
1815 171 514
1817 171 512
1814 177 509
1822 177 501
1810 179 511
1796 181 523
1794 183 523
1791 187 522
1793 185 522
1782 188 530
1791 181 528
1786 181 533
1782 190 528
1762 196 542
1764 198 538
1767 196 537
1767 195 538
1780 193 527
1780 194 526
1787 195 518
1789 201 510
1808 199 493
1825 186 489
1812 192 496
1811 193 496
1803 190 507
1790 199 511
1796 204 500
1806 202 492
1793 199 508
1802 194 504
1788 194 518
1795 194 511
1778 206 516
1785 204 511
1797 194 509
1803 191 506
1820 172 508
1814 177 509
1814 168 518
1818 167 515
1814 164 522
1812 162 526
1803 170 527
1796 175 529
1783 175 542
1773 180 547
1762 184 554
1772 182 546
1777 178 545
1784 171 545
1781 179 540
1777 179 544
1785 171 544
1794 167 539
1808 154 538
1814 146 540
1809 152 539
1795 168 537
1801 165 534
1806 159 535
1817 156 527
1822 149 529
1841 145 514
1839 141 520
1822 147 531
1849 134 517
1855 129 516
1855 126 519
1864 135 501
1867 137 496
1857 145 498
1853 149 498
1841 152 507
1847 153 500
1846 164 490
1854 158 488
1854 159 487
1852 163 485
1845 161 494
1865 151 484
1879 148 473
1868 153 479
1875 148 477
1888 150 462
1874 150 476
1879 147 474
1891 137 472
1911 131 458
1895 136 469
1898 138 464
1894 135 471
1884 136 480
1884 136 480
1870 133 497
1859 136 505
1843 141 516
1844 142 514
1837 141 522
1826 144 530
1824 141 535
1816 144 540
1807 146 547
1806 146 548
1807 155 538
1826 149 525
1815 144 541
1826 144 530
1819 140 541
1812 141 547
1805 136 559
1817 139 544
1822 136 542
1830 130 540
1831 134 535
1826 129 545
1818 128 554
1813 127 560
1816 130 554
1828 134 538
1832 137 531
1860 134 506
1854 133 513
1863 127 510
1877 124 499
1893 118 489
1908 111 481
1907 112 481
1912 109 479
1921 110 469
1910 109 481
1885 111 504
1887 114 499
1889 116 495
1882 109 509
1861 125 514
1859 126 515
1851 125 524
1843 130 527
1832 131 537
1832 133 535
1824 139 537
1814 146 540
1835 137 528
1835 132 533
1843 131 526
1821 144 535
1808 143 549
1811 140 549
1821 140 539
1813 146 541
1819 144 537
1824 146 530
1835 136 529
1820 132 548
1822 130 548
1832 126 542
1811 132 557
1812 133 555
1802 129 569
1802 127 571
1804 131 565
1804 131 565
1797 140 563
1799 144 557
1794 148 558
1790 155 555
1789 156 555
1803 155 542
1799 156 545
1790 159 551
1793 159 548
1792 159 549
1777 162 561
1763 170 567
1759 173 568
1763 163 574
1763 161 576
1766 165 569
1751 171 578
1759 170 571
1763 168 569
1772 168 560
1775 162 563
1783 163 554
1778 162 560
1791 168 541
1801 167 532
1787 168 545
1797 162 541
1794 160 546
1782 161 557
1781 161 558
1789 160 551
1795 158 547
1780 153 567
1755 156 589
1760 154 586
1776 152 572
1780 145 575
1775 151 574
1761 152 587
1764 145 591
1781 134 585
1793 131 576
1780 145 575
1761 143 596
1769 136 595
1769 132 599
1755 139 606
1751 136 613
1763 133 604
1761 132 607
1754 128 618
1760 128 612
1754 130 616
1757 129 614
1753 129 618
1753 130 617
1761 125 614
1752 127 621
1758 126 616
1756 129 615
1755 135 610
1753 135 612
1737 138 625
1737 138 625
1746 135 619
1728 140 632
1722 144 634
1718 142 640
1727 135 638
1723 136 641
1714 139 647
1720 133 647
1717 137 646
1703 146 651
1705 149 646
1700 144 656
1693 149 658
1709 147 644
1717 144 639
1720 147 633
1727 146 627
1731 139 630
1723 136 641
1726 132 642
1726 134 640
1724 130 646
1728 130 642
1718 142 640
1722 139 639
1720 137 643
1722 131 647
1720 133 647
1722 129 649
1722 120 658
1724 117 659
1736 114 650
1718 114 668
1731 107 662
1732 110 658
1736 100 664
1728 95 677
1723 105 672
1718 99 683
1709 103 688
1698 109 693
1701 105 694
1691 105 704
1696 105 699
1706 114 680
1686 114 700
1698 106 696
1696 101 703
1701 100 699
1684 105 711
1682 108 710
1692 110 698
1683 116 701
1702 117 681
1707 116 677
1727 112 661
1745 103 652
1742 107 651
1730 110 660
1723 110 667
1715 115 670
1729 111 660
1724 116 660
1732 104 664
1727 100 673
1738 95 667
1727 99 674
1725 99 676
1709 100 691
1717 102 681
1702 109 689
1707 107 686
1713 116 671
1714 112 674
1723 112 665
1727 113 660
1730 113 657
1726 118 656
1725 129 646
1719 140 641
1723 132 645
1723 128 649
1713 132 655
1699 141 660
1724 143 633
1706 144 650
1707 133 660
1709 133 658
1699 140 661
1694 147 659
1697 148 655
1691 148 661
1699 140 661
1690 142 668
1695 139 666
1704 137 659
1704 130 666
1697 133 670
1712 129 659
1713 125 662
1704 130 666
1708 126 666
1707 128 665
1704 123 673
1708 128 664
1727 119 654
1713 125 662
1695 131 674
1701 131 668
1703 131 666
1699 138 663
1699 129 672
1672 147 681
1677 147 676
1664 148 688
1668 156 676
1662 153 685
1665 152 683
1689 138 673
1690 139 671
1695 137 668
1698 136 666
1695 138 667
1695 136 669
1696 135 669
1703 136 661
1689 144 667
1672 143 685
1689 141 670
1686 146 668
1687 148 665
1689 153 658
1685 154 661
1677 158 665
1664 162 674
1671 158 671
1668 151 681
1657 158 685
1647 163 690
1645 164 691
1652 165 683
1648 163 689
1648 165 687
1646 161 693
1660 156 684
1664 152 684
1669 145 686
1670 138 692
1676 140 684
1675 132 693
1683 127 690
1693 127 680
1681 123 696
1674 121 705
1682 110 708
1681 114 705
1684 108 708
1683 112 705
1693 112 695
1689 112 699
1673 126 701
1682 122 696
1689 127 684
1685 125 690
1674 134 692
1662 134 704
1666 135 699
1664 136 700
1674 129 697
1670 124 706
1665 122 713
1656 128 716
1650 139 711
1650 142 708
1645 150 705
1629 160 711
1636 151 713
1642 149 709
1636 149 715
1630 156 714
1628 160 712
1622 164 714
1629 162 709
1635 155 710
1645 157 698
1633 158 709
1628 165 707
1628 162 710
1631 166 703
1630 172 698
1625 184 691
1616 178 706
1592 191 717
1591 198 711
1591 198 711
1594 191 715
1602 187 711
1595 186 719
1593 190 717
1601 191 708
1590 196 714
1578 194 728
1586 197 717
1593 195 712
1587 192 721
1589 195 716
1588 197 715
1589 199 712
1589 190 721
1599 184 717
1606 182 712
1596 184 720
1590 183 727
1604 168 728
1608 165 727
1610 161 729
1593 167 740
1601 169 730
1604 163 733
1599 165 736
1592 172 736
1594 172 734
1593 164 743
1605 161 734
1605 163 732
1606 164 730
1589 178 733
1599 170 731
1600 174 726
1575 188 737
1583 185 732
1588 178 734
1598 174 728
1580 186 734
1581 186 733
1577 185 738
1580 187 733
1570 188 742
1566 193 741
1552 199 749
1544 203 753
1554 193 753
1557 197 746
1562 188 750
1569 187 744
1580 180 740
1559 183 758
1561 190 749
1561 192 747
1557 188 755
1575 183 742
1586 178 736
1600 165 735
1592 162 746
1590 159 751
1602 151 747
1607 152 741
1603 150 747
1592 156 752
1607 151 742
1616 146 738
1613 150 737
1605 153 742
1600 147 753
1598 152 750
1602 145 753
1612 133 755
1617 130 753
1625 122 753
1626 118 756
1630 119 751
1642 120 738
1648 124 728
1654 123 723
1651 123 726
1643 130 727
1661 121 718
1654 121 725
1659 114 727
1665 109 726
1659 106 735
1640 114 746
1628 117 755
1638 117 745
1634 116 750
1647 111 742
1646 119 735
1623 135 742
1621 131 748
1619 135 746
1620 137 743
1603 150 747
1606 148 746
1593 158 749
1587 165 748
1588 165 747
1595 159 746
1603 156 741
1617 149 734
1612 156 732
1616 158 726
1611 159 730
1605 166 729
1608 172 720
1613 162 725
1617 151 732
1604 148 748
1599 150 751
1605 148 747
1589 159 752
1597 149 754
1597 146 757
1587 149 764
1580 152 768
1570 156 774
1570 164 766
1572 167 761
1579 160 761
1577 167 756
1576 174 750
1565 184 751
1556 188 756
1555 192 753
1556 199 745
1559 199 742
1558 202 740
1557 200 743
1540 215 745
1534 212 754
1539 210 751
1546 201 753
1561 191 748
1566 186 748
1568 183 749
1581 177 742
1570 180 750
1567 178 755
1564 175 761
1559 183 758
1558 175 767
1565 173 762
1571 167 762
1592 151 757
1587 155 758
1581 158 761
1596 150 754
1602 142 756
1581 144 775
1578 143 779
1573 155 772
1579 147 774
1575 146 779
1579 143 778
1578 151 771
1569 152 779
1577 136 787
1586 128 786
1595 123 782
1587 118 795
1576 125 799
1573 129 798
1560 133 807
1533 146 821
1523 160 817
1515 165 820
1515 168 817
1516 169 815
1497 182 821
1499 185 816
1477 198 825
1476 201 823
1491 191 818
1494 190 816
1478 196 826
1476 198 826
1464 202 834
1450 209 841
1449 205 846
1444 212 844
1437 206 857
1446 206 848
1438 206 856
1441 199 860
1420 208 872
1421 203 876
1417 201 882
1403 213 884
1395 212 893
1412 193 895
1416 193 891
1402 200 898
1417 188 895
1425 178 897
1414 179 907
1411 175 914
1414 175 911
1415 170 915
1392 178 930
1388 172 940
1389 168 943
1393 170 937
1385 165 950
1385 160 955
1383 157 960
1396 153 951
1397 148 955
1412 139 949
1416 138 946
1414 143 943
1424 142 934
1414 148 938
1410 148 942
1410 143 947
1407 145 948
1389 161 950
1379 174 947
1366 186 948
1350 196 954
1341 192 967
1342 193 965
1338 193 969
1327 201 972
1331 195 974
1345 188 967
1344 186 970
1345 181 974
1357 179 964
1351 190 959
1339 197 964
1346 185 969
1341 203 956
1361 193 946
1363 198 939
1356 205 939
1369 197 934
1362 196 942
1351 206 943
1340 206 954
1340 204 956
1343 204 953
1359 192 949
1354 195 951
1342 197 961
1343 188 969
1335 197 968
1337 196 967
1334 202 964
1344 201 955
1327 207 966
1328 208 964
1309 229 962
1325 226 949
1328 225 947
1316 232 952
1305 250 945
1307 249 944
1312 247 941
1298 254 948
1283 260 957
1285 257 958
1272 266 962
1275 266 959
1289 252 959
1300 251 949
1317 248 935
1318 242 940
1310 249 941
1322 238 940
1335 231 934
1344 226 930
1372 209 919
1377 206 917
1366 213 921
1384 207 909
1380 207 913
1371 219 910
1380 207 913
1379 211 910
1373 207 920
1369 201 930
1375 195 930
1361 195 944
1349 204 947
1345 211 944
1343 204 953
1329 207 964
1336 198 966
1336 196 968
1334 201 965
1331 208 961
1333 199 968
1343 193 964
1343 194 963
1347 186 967
1360 173 967
1354 179 967
1368 169 963
1358 178 964
1343 187 970
1333 194 973
1317 202 981
1330 198 972
1319 206 975
1317 215 968
1311 213 976
1314 206 980
1308 209 983
1314 213 973
1288 215 997
1294 213 993
1287 213 1000
1280 209 1011
1285 211 1004
1272 219 1009
1272 224 1004
1255 224 1021
1253 225 1022
1247 231 1022
1253 219 1028
1256 219 1025
1240 223 1037
1252 213 1035
1250 209 1041
1254 207 1039
1241 217 1042
1233 232 1035
1221 254 1025
1229 250 1021
1235 246 1019
1217 254 1029
1223 253 1024
1228 242 1030
1230 244 1026
1224 249 1027
1228 246 1026
1230 242 1028
1221 247 1032
1209 241 1050
1215 237 1048
1221 242 1037
1219 246 1035
1218 251 1031
1217 251 1032
1209 259 1032
1199 262 1039
1203 257 1040
1215 256 1029
1221 258 1021
1221 255 1024
1200 259 1041
1209 255 1036
1223 246 1031
1227 246 1027
1230 255 1015
1231 255 1014
1230 251 1019
1236 237 1027
1218 249 1033
1229 245 1026
1216 248 1036
1219 254 1027
1219 260 1021
1211 268 1021
1216 258 1026
1218 263 1019
1207 273 1020
1210 275 1015
1208 278 1014
1212 268 1020
1230 255 1015
1230 255 1015
1225 248 1027
1225 239 1036
1220 247 1033
1235 251 1014
1238 252 1010
1252 250 998
1239 261 1000
1251 255 994
1264 248 988
1259 249 992
1242 258 1000
1264 243 993
1261 243 996
1261 249 990
1256 249 995
1254 253 993
1259 248 993
1265 242 993
1261 243 996
1269 236 995
1268 229 1003
1277 228 995
1265 231 1004
1261 232 1007
1267 230 1003
1269 225 1006
1270 215 1015
1260 215 1025
1261 208 1031
1242 213 1045
1253 208 1039
1266 201 1033
1274 195 1031
1276 201 1023
1274 194 1032
1273 191 1036
1268 183 1049
1268 178 1054
1259 182 1059
1239 195 1066
1237 183 1080
1235 180 1085
1233 180 1087
1234 183 1083
1227 185 1088
1241 173 1086
1231 183 1086
1219 191 1090
1206 194 1100
1202 197 1101
1206 195 1099
1220 184 1096
1232 178 1090
1242 173 1085
1251 165 1084
1249 157 1094
1260 147 1093
1243 155 1102
1244 150 1106
1253 148 1099
1246 154 1100
1246 151 1103
1239 161 1100
1240 162 1098
1245 160 1095
1239 163 1098
1235 165 1100
1236 169 1095
1234 167 1099
1237 162 1101
1230 171 1099
1231 164 1105
1227 166 1107
1230 168 1102
1216 178 1106
1208 180 1112
1214 168 1118
1210 169 1121
1205 164 1131
1190 171 1139
1177 176 1147
1168 185 1147
1163 189 1148
1162 189 1149
1163 194 1143
1170 184 1146
1162 184 1154
1173 178 1149
1181 179 1140
1174 184 1142
1171 182 1147
1165 182 1153
1172 179 1149
1160 189 1151
1156 196 1148
1155 198 1147
1143 213 1144
1136 215 1149
1142 209 1149
1151 202 1147
1148 201 1151
1145 205 1150
1133 218 1149
1125 227 1148
1129 222 1149
1118 230 1152
1106 241 1153
1095 247 1158
1099 249 1152
1107 239 1154
1093 248 1159
1098 242 1160
1105 237 1158
1105 235 1160
1109 232 1159
1104 234 1162
1104 232 1164
1109 224 1167
1103 230 1167
1109 225 1166
1105 229 1166
1107 226 1167
1095 234 1171
1101 230 1169
1103 223 1174
1094 232 1174
1092 236 1172
1085 243 1172
1088 240 1172
1092 235 1173
1096 226 1178
1090 228 1182
1091 226 1183
1093 219 1188
1093 219 1188
1087 224 1189
1096 216 1188
1076 236 1188
1074 231 1195
1078 221 1201
1079 225 1196
1077 230 1193
1069 236 1195
1062 247 1191
1059 244 1197
1071 237 1192
1079 230 1191
1083 229 1188
1089 224 1187
1085 222 1193
1080 224 1196
1075 231 1194
1072 233 1195
1077 231 1192
1075 230 1195
1089 218 1193
1082 224 1194
1090 219 1191
1094 217 1189
1089 220 1191
1083 225 1192
1088 217 1195
1094 208 1198
1105 201 1194
1100 204 1196
1096 210 1194
1108 198 1194
1110 197 1193
1129 181 1190
1122 187 1191
1124 184 1192
1126 189 1185
1131 185 1184
1128 188 1184
1121 192 1187
1123 194 1183
1115 200 1185
1113 199 1188
1109 203 1188
1112 203 1185
1112 205 1183
1107 209 1184
1106 211 1183
1094 219 1187
1085 225 1190
1087 220 1193
1099 216 1185
1106 215 1179
1105 218 1177
1111 211 1178
1109 214 1177
1107 214 1179
1102 221 1177
1099 223 1178
1100 228 1172
1104 229 1167
1102 237 1161
1105 231 1164
1107 226 1167
1115 216 1169
1124 213 1163
1124 212 1164
1118 216 1166
1127 206 1167
1126 205 1169
1135 198 1167
1140 193 1167
1128 199 1173
1143 191 1166
1140 194 1166
1131 205 1164
1137 199 1164
1140 204 1156
1148 204 1148
1143 207 1150
1153 203 1144
1144 213 1143
1140 212 1148
1140 207 1153
1140 211 1149
1143 207 1150
1147 205 1148
1142 197 1161
1151 189 1160
1144 191 1165
1126 202 1172
1122 206 1172
1123 204 1173
1107 210 1183
1109 208 1183
1100 211 1189
1081 217 1202
1079 218 1203
1101 199 1200
1111 189 1200
1115 185 1200
1121 180 1199
1131 170 1199
1130 170 1200
1128 174 1198
1135 170 1195
1136 169 1195
1140 160 1200
1143 159 1198
1141 163 1196
1149 156 1195
1147 155 1198
1140 160 1200
1146 147 1207
1145 153 1202
1147 150 1203
1148 147 1205
1157 135 1208
1153 139 1208
1161 130 1209
1152 141 1207
1144 150 1206
1143 154 1203
1151 150 1199
1157 140 1203
1166 132 1202
1166 129 1205
1182 120 1198
1184 117 1199
1198 106 1196
1197 110 1193
1206 101 1193
1211 97 1192
1216 95 1189
1216 95 1189
1205 101 1194
1207 98 1195
1199 106 1195
1198 112 1190
1196 114 1190
1187 122 1191
1190 116 1194
1190 116 1194
1184 122 1194
1179 123 1198
1176 127 1197
1173 125 1202
1170 127 1203
1184 117 1199
1193 105 1202
1191 105 1204
1179 114 1207
1180 113 1207
1187 104 1209
1188 98 1214
1200 90 1210
1204 86 1210
1206 86 1208
1208 85 1207
1218 76 1206
1211 79 1210
1219 69 1212
1221 69 1210
1223 69 1208
1215 71 1214
1218 66 1216
1215 72 1213
1211 74 1215
1204 82 1214
1194 91 1215
1194 89 1217
1201 85 1214
1193 89 1218
1200 82 1218
1200 85 1215
1195 87 1218
1195 84 1221
1194 90 1216
1199 83 1218
1199 85 1216
1180 102 1218
1175 108 1217
1171 108 1221
1166 118 1216
1158 125 1217
1167 122 1211
1164 124 1212
1161 129 1210
1164 125 1211
1166 121 1213
1164 125 1211
1163 127 1210
1162 129 1209
1156 133 1211
1158 136 1206
1168 131 1201
1163 137 1200
1172 131 1197
1178 123 1199
1176 126 1198
1162 134 1204
1150 142 1208
1155 137 1208
1150 134 1216
1149 132 1219
1149 130 1221
1140 129 1231
1137 129 1234
1133 134 1233
1130 133 1237
1143 117 1240
1143 121 1236
1139 125 1236
1138 125 1237
1144 122 1234
1148 121 1231
1145 124 1231
1160 113 1227
1164 105 1231
1157 114 1229
1151 120 1229
1139 132 1229
1137 134 1229
1135 134 1231
1141 129 1230
1148 123 1229
1141 126 1233
1124 139 1237
1127 137 1236
1139 127 1234
1141 123 1236
1133 131 1236
1119 142 1239
1109 153 1238
1107 155 1238
1106 156 1238
1106 157 1237
1099 161 1240
1099 161 1240
1096 166 1238
1092 167 1241
1098 164 1238
1096 167 1237
1106 157 1237
1095 165 1240
1087 170 1243
1097 162 1241
1089 170 1241
1082 176 1242
1075 184 1241
1063 198 1239
1066 195 1239
1063 192 1245
1043 211 1246
1033 221 1246
1030 224 1246
1040 213 1247
1051 201 1248
1059 192 1249
1048 203 1249
1062 189 1249
1055 195 1250
1049 201 1250
1050 200 1250
1043 207 1250
1047 203 1250
1050 200 1250
1035 215 1250
1035 215 1250
1036 214 1250
1039 211 1250
1037 213 1250
1032 218 1250
1025 225 1250
1021 229 1250
1023 227 1250
1022 228 1250
1026 224 1250
1037 213 1250
1040 210 1250
1043 207 1250
1034 216 1250
1040 210 1250
1043 207 1250
1029 221 1250
1041 209 1250
1043 207 1250
1061 189 1250
1060 190 1250
1058 192 1250
1071 179 1250
1058 192 1250
1059 191 1250
1068 182 1250
1072 178 1250
1087 163 1250
1095 155 1250
1093 157 1250
1102 148 1250
1115 135 1250
1120 130 1250
1121 129 1250
1125 125 1250
1119 131 1250
1116 134 1250
1116 134 1250
1123 127 1250
1115 135 1250
1113 137 1250
1117 133 1250
1115 135 1250
1116 134 1250
1118 132 1250
1113 137 1250
1108 142 1250
1108 142 1250
1120 130 1250
1122 128 1250
1124 126 1250
1120 130 1250
1125 125 1250
1115 135 1250
1110 140 1250
1105 145 1250
1102 148 1250
1104 146 1250
1102 148 1250
1095 155 1250
1089 161 1250
1079 171 1250
1090 160 1250
1096 154 1250
1094 156 1250
1099 151 1250
1101 149 1250
1097 153 1250
1092 158 1250
1091 159 1250
1094 156 1250
1098 152 1250
1092 158 1250
1084 166 1250
1096 154 1250
1094 156 1250
1090 160 1250
1092 158 1250
1091 159 1250
1086 164 1250
1082 168 1250
1089 161 1250
1100 150 1250
1103 147 1250
1095 155 1250
1090 160 1250
1080 170 1250
1083 167 1250
1080 170 1250
1091 159 1250
1086 164 1250
1092 158 1250
1097 153 1250
1098 152 1250
1102 148 1250
1114 136 1250
1119 131 1250
1118 132 1250
1114 136 1250
1115 135 1250
1112 138 1250
1111 139 1250
1112 138 1250
1108 142 1250
1112 138 1250
1112 138 1250
1112 138 1250
1117 133 1250
1119 131 1250
1111 139 1250
1113 137 1250
1108 142 1250
1106 144 1250
1105 145 1250
1109 141 1250
1109 141 1250
1109 141 1250
1115 135 1250
1103 147 1250
1101 149 1250
1098 152 1250
1098 152 1250
1103 147 1250
1108 142 1250
1106 144 1250
1101 149 1250
1100 150 1250
1091 159 1250
1097 153 1250
1112 138 1250
1103 147 1250
1100 150 1250
1098 152 1250
1096 154 1250
1096 154 1250
1090 160 1250
1082 168 1250
1084 166 1250
1087 163 1250
1088 162 1250
1089 161 1250
1093 157 1250
1100 150 1250
1107 143 1250
1124 126 1250
1120 130 1250
1113 137 1250
1118 132 1250
1127 123 1250
1130 120 1250
1142 108 1250
1152 98 1250
1157 93 1250
1154 96 1250
1154 96 1250
1171 79 1250
1173 77 1250
1168 82 1250
1166 84 1250
1162 88 1250
1175 75 1250
1179 71 1250
1173 77 1250
1176 74 1250
1177 73 1250
1183 67 1250
1183 67 1250
1188 62 1250
1194 56 1250
1200 50 1250
1197 53 1250
1193 57 1250
1188 62 1250
1191 59 1250
1197 53 1250
1190 60 1250
1190 60 1250
1193 57 1250
1192 58 1250
1194 56 1250
1193 57 1250
1193 57 1250
1193 57 1250
1191 59 1250
1185 65 1250
1188 62 1250
1183 67 1250
1181 69 1250
1184 66 1250
1179 71 1250
1180 70 1250
1181 69 1250
1183 67 1250
1187 63 1250
1188 62 1250
1189 61 1250
1189 61 1250
1186 64 1250
1193 57 1250
1191 59 1250
1181 69 1250
1184 66 1250
1184 66 1250
1188 62 1250
1190 60 1250
1192 58 1250
1191 59 1250
1185 65 1250
1187 63 1250
1185 65 1250
1181 69 1250
1188 62 1250
1192 58 1250
1190 60 1250
1187 63 1250
1193 57 1250
1194 56 1250
1192 58 1250
1190 60 1250
1189 61 1250
1191 59 1250
1191 59 1250
1191 59 1250
1182 68 1250
1175 75 1250
1175 75 1250
1167 83 1250
1160 90 1250
1164 86 1250
1166 84 1250
1170 80 1250
1165 85 1250
1158 92 1250
1159 91 1250
1164 86 1250
1168 82 1250
1166 84 1250
1169 81 1250
1160 90 1250
1165 85 1250
1170 80 1250
1167 83 1250
1167 83 1250
1173 77 1250
1178 72 1250
1176 74 1250
1167 83 1250
1171 79 1250
1161 89 1250
1159 91 1250
1153 97 1250
1151 99 1250
1146 104 1250
1149 101 1250
1150 100 1250
1150 100 1250
1149 101 1250
1149 101 1250
1148 102 1250
1137 113 1250
1143 107 1250
1142 108 1250
1144 106 1250
1137 113 1250
1135 115 1250
1131 119 1250
1127 123 1250
1127 123 1250
1123 127 1250
1125 125 1250
1120 130 1250
1117 133 1250
1117 133 1250
1113 137 1250
1107 143 1250
1112 138 1250
1118 132 1250
1120 130 1250
1122 128 1250
1125 125 1250
1126 124 1250
1135 115 1250
1134 116 1250
1132 118 1250
1128 122 1250
1130 120 1250
1122 128 1250
1131 119 1250
1127 123 1250
1120 130 1250
1111 139 1250
1117 133 1250
1127 123 1250
1126 124 1250
1125 125 1250
1134 116 1250
1125 125 1250
1126 124 1250
1127 123 1250
1137 113 1250
1127 123 1250
1124 126 1250
1119 131 1250
1122 128 1250
1118 132 1250
1116 134 1250
1112 138 1250
1113 137 1250
1111 139 1250
1103 147 1250
1111 139 1250
1126 124 1250
1121 129 1250
1113 137 1250
1119 131 1250
1113 137 1250
1109 141 1250
1113 137 1250
1108 142 1250
1098 152 1250
1101 149 1250
1095 155 1250
1081 169 1250
1086 164 1250
1078 172 1250
1082 168 1250
1080 170 1250
1087 163 1250
1094 156 1250
1101 149 1250
1097 153 1250
1098 152 1250
1103 147 1250
1104 146 1250
1104 146 1250
1093 157 1250
1100 150 1250
1108 142 1250
1108 142 1250
1116 134 1250
1116 134 1250
1108 142 1250
1121 129 1250
1122 128 1250
1116 134 1250
1122 128 1250
1120 130 1250
1118 132 1250
1119 131 1250
1138 112 1250
1146 104 1250
1145 105 1250
1133 117 1250
1124 126 1250
1127 123 1250
1138 112 1250
1138 112 1250
1133 117 1250
1129 121 1250
1137 113 1250
1133 117 1250
1135 115 1250
1150 100 1250
1147 103 1250
1140 110 1250
1139 111 1250
1140 110 1250
1127 123 1250
1126 124 1250
1128 122 1250
1132 118 1250
1128 122 1250
1132 118 1250
1134 116 1250
1129 121 1250
1135 115 1250
1142 108 1250
1149 101 1250
1153 97 1250
1147 103 1250
1135 115 1250
1136 114 1250
1136 114 1250
1132 118 1250
1134 116 1250
1142 108 1250
1142 108 1250
1148 102 1250
1146 104 1250
1150 100 1250
1164 86 1250
1156 94 1250
1158 92 1250
1155 95 1250
1156 94 1250
1158 92 1250
1153 97 1250
1145 105 1250
1144 106 1250
1147 103 1250
1147 103 1250
1152 98 1250
1153 97 1250
1152 98 1250
1151 99 1250
1159 91 1250
1158 92 1250
1160 90 1250
1167 83 1250
1162 88 1250
1157 93 1250
1151 99 1250
1151 99 1250
1148 102 1250
1152 98 1250
1148 102 1250
1143 107 1250
1141 109 1250
1142 108 1250
1142 108 1250
1137 113 1250
1133 117 1250
1132 118 1250
1140 110 1250
1138 112 1250
1145 105 1250
1140 110 1250
1143 107 1250
1133 117 1250
1129 121 1250
1124 126 1250
1119 131 1250
1130 120 1250
1134 116 1250
1128 122 1250
1135 115 1250
1141 109 1250
1137 113 1250
1142 108 1250
1138 112 1250
1139 111 1250
1147 103 1250
1151 99 1250
1147 103 1250
1137 113 1250
1136 114 1250
1142 108 1250
1135 115 1250
1135 115 1250
1132 118 1250
1132 118 1250
1128 122 1250
1129 121 1250
1127 123 1250
1131 119 1250
1139 111 1250
1141 109 1250
1149 101 1250
1146 104 1250
1141 109 1250
1144 106 1250
1145 105 1250
1151 99 1250
1148 102 1250
1139 111 1250
1129 121 1250
1134 116 1250
1134 116 1250
1130 120 1250
1125 125 1250
1125 125 1250
1126 124 1250
1137 113 1250
1142 108 1250
1131 119 1250
1132 118 1250
1122 128 1250
1123 127 1250
1117 133 1250
1112 138 1250
1113 137 1250
1111 139 1250
1108 142 1250
1125 125 1250
1131 119 1250
1137 113 1250
1141 109 1250
1146 104 1250
1148 102 1250
1160 90 1250
1159 91 1250
1146 104 1250
1151 99 1250
1151 99 1250
1154 96 1250
1164 86 1250
1159 91 1250
1165 85 1250
1174 76 1250
1176 74 1250
1174 76 1250
1180 70 1250
1184 66 1250
1185 65 1250
1182 68 1250
1189 61 1250
1183 67 1250
1179 71 1250
1182 68 1250
1179 71 1250
1178 72 1250
1175 75 1250
1178 72 1250
1176 74 1250
1178 72 1250
1172 78 1250
1171 79 1250
1169 81 1250
1171 79 1250
1172 78 1250
1165 85 1250
1173 77 1250
1176 74 1250
1173 77 1250
1177 73 1250
1183 67 1250
1182 68 1250
1186 64 1250
1184 66 1250
1189 61 1250
1191 59 1250
1195 55 1250
1203 47 1250
1205 45 1250
1197 53 1250
1198 52 1250
1197 53 1250
1194 56 1250
1195 55 1250
1192 58 1250
1192 58 1250
1189 61 1250
1186 64 1250
1186 64 1250
1187 63 1250
1189 61 1250
1189 61 1250
1188 62 1250
1180 70 1250
1181 69 1250
1180 70 1250
1188 62 1250
1185 65 1250
1187 63 1250
1185 65 1250
1190 60 1250
1196 54 1250
1200 50 1250
1191 59 1250
1192 58 1250
1195 55 1250
1194 56 1250
1189 61 1250
1183 67 1250
1187 63 1250
1186 64 1250
1182 68 1250
1188 62 1250
1196 54 1250
1204 46 1250
1202 48 1250
1201 49 1250
1205 45 1250
1206 44 1250
1197 53 1250
1197 53 1250
1193 57 1250
1192 58 1250
1196 54 1250
1191 59 1250
1198 52 1250
1190 60 1250
1192 58 1250
1194 56 1250
1195 55 1250
1188 62 1250
1193 57 1250
1196 54 1250
1198 52 1250
1203 47 1250
1201 49 1250
1198 52 1250
1194 56 1250
1196 54 1250
1200 50 1250
1200 50 1250
1198 52 1250
1200 50 1250
1199 51 1250
1198 52 1250
1200 50 1250
1198 52 1250
1198 52 1250
1192 58 1250
1187 63 1250
1188 62 1250
1188 62 1250
1185 65 1250
1183 67 1250
1180 70 1250
1181 69 1250
1175 75 1250
1174 76 1250
1171 79 1250
1174 76 1250
1179 71 1250
1177 73 1250
1182 68 1250
1181 69 1250
1174 76 1250
1172 78 1250
1166 84 1250
1172 78 1250
1174 76 1250
1175 75 1250
1176 74 1250
1171 79 1250
1165 85 1250
1161 89 1250
1160 90 1250
1159 91 1250
1157 93 1250
1163 87 1250
1161 89 1250
1153 97 1250
1155 95 1250
1160 90 1250
1162 88 1250
1168 82 1250
1177 73 1250
1174 76 1250
1171 79 1250
1167 83 1250
1175 75 1250
1174 76 1250
1174 76 1250
1171 79 1250
1180 70 1250
1175 75 1250
1180 70 1250
1184 66 1250
1182 68 1250
1173 77 1250
1180 70 1250
1179 71 1250
1183 67 1250
1186 64 1250
1188 62 1250
1199 51 1250
1193 57 1250
1187 63 1250
1189 61 1250
1196 54 1250
1188 62 1250
1194 56 1250
1193 57 1250
1192 58 1250
1196 54 1250
1198 52 1250
1198 52 1250
1199 51 1250
1198 52 1250
1197 53 1250
1197 53 1250
1200 50 1250
1206 44 1250
1212 38 1250
1215 35 1250
1208 42 1250
1210 40 1250
1207 43 1250
1210 40 1250
1210 40 1250
1198 52 1250
1195 55 1250
1198 52 1250
1197 53 1250
1202 48 1250
1202 48 1250
1199 51 1250
1198 52 1250
1200 50 1250
1208 42 1250
1214 36 1250
1215 35 1250
1217 33 1250
1211 39 1250
1211 39 1250
1219 31 1250
1223 27 1250
1228 22 1250
1228 22 1250
1226 24 1250
1230 20 1250
1233 17 1250
1233 17 1250
1231 19 1250
1233 17 1250
1237 13 1250
1239 11 1250
1240 10 1250
1238 12 1250
1239 11 1250
1239 11 1250
1238 12 1250
1236 14 1250
1237 13 1250
1242 8 1250
1240 10 1250
1241 9 1250
1243 7 1250
1240 10 1250
1237 13 1250
1240 10 1250
1238 12 1250
1237 13 1250
1235 15 1250
1233 17 1250
1236 14 1250
1236 14 1250
1238 12 1250
1235 15 1250
1238 12 1250
1236 14 1250
1237 13 1250
1239 11 1250
1237 13 1250
1238 12 1250
1242 8 1250
1240 10 1250
1242 8 1250
1240 10 1250
1244 6 1250
1246 4 1250
1247 3 1250
1247 3 1250
1247 3 1250
1245 5 1250
1244 6 1250
1242 8 1250
1242 8 1250
1243 7 1250
1245 5 1250
1242 8 1250
1238 12 1250
1238 12 1250
1239 11 1250
1241 9 1250
1237 13 1250
1235 15 1250
1234 16 1250
1234 16 1250
1235 15 1250
1237 13 1250
1238 12 1250
1236 14 1250
1237 13 1250
1233 17 1250
1235 15 1250
1241 9 1250
1242 8 1250
1242 8 1250
1237 13 1250
1235 15 1250
1234 16 1250
1237 13 1250
1235 15 1250
1232 18 1250
1227 23 1250
1227 23 1250
1228 22 1250
1228 22 1250
1228 22 1250
1222 28 1250
1217 33 1250
1220 30 1250
1222 28 1250
1222 28 1250
1223 27 1250
1224 26 1250
1224 26 1250
1225 25 1250
1226 24 1250
1221 29 1250
1223 27 1250
1224 26 1250
1226 24 1250
1228 22 1250
1227 23 1250
1229 21 1250
1225 25 1250
1224 26 1250
1218 32 1250
1217 33 1250
1216 34 1250
1224 26 1250
1222 28 1250
1221 29 1250
1220 30 1250
1215 35 1250
1213 37 1250
1216 34 1250
1215 35 1250
1211 39 1250
1206 44 1250
1212 38 1250
1211 39 1250
1209 41 1250
1208 42 1250
1206 44 1250
1203 47 1250
1207 43 1250
1202 48 1250
1195 55 1250
1196 54 1250
1203 47 1250
1196 54 1250
1200 50 1250
1201 49 1250
1202 48 1250
1200 50 1250
1197 53 1250
1209 41 1250
1210 40 1250
1207 43 1250
1212 38 1250
1211 39 1250
1207 43 1250
1207 43 1250
1211 39 1250
1214 36 1250
1212 38 1250
1214 36 1250
1209 41 1250
1205 45 1250
1206 44 1250
1207 43 1250
1221 29 1250
1211 39 1250
1210 40 1250
1211 39 1250
1216 34 1250
1221 29 1250
1221 29 1250
1216 34 1250
1215 35 1250
1211 39 1250
1211 39 1250
1205 45 1250
1205 45 1250
1207 43 1250
1207 43 1250
1208 42 1250
1214 36 1250
1214 36 1250
1211 39 1250
1207 43 1250
1210 40 1250
1207 43 1250
1208 42 1250
1206 44 1250
1215 35 1250
1212 38 1250
1216 34 1250
1227 23 1250
1228 22 1250
1228 22 1250
1230 20 1250
1231 19 1250
1228 22 1250
1226 24 1250
1229 21 1250
1229 21 1250
1226 24 1250
1222 28 1250
1223 27 1250
1228 22 1250
1228 22 1250
1226 24 1250
1224 26 1250
1224 26 1250
1225 25 1250
1227 23 1250
1224 26 1250
1230 20 1250
1229 21 1250
1226 24 1250
1226 24 1250
1222 28 1250
1